SM:2026-05-09T08:56:17.7028713Z
LM:2026-05-09T08:56:17.7511395Z
CT:image/png
MA:2592000
CL:6678
