SM:2026-05-09T08:49:51.4132579Z
LM:2026-05-09T08:49:51.5918995Z
CT:image/png
MA:2592000
CL:4170
