SM:2026-05-09T09:00:23.7944232Z
LM:2026-05-09T09:00:23.8392677Z
CT:image/jpeg
MA:2592000
CL:8400
