SM:2026-05-09T08:54:24.1199825Z
LM:2026-05-09T08:54:24.1736940Z
CT:image/jpeg
MA:2592000
CL:3355
