SM:2026-05-08T12:05:18.3879170Z
LM:2026-05-08T12:05:18.4709958Z
CT:image/jpeg
MA:2592000
CL:2672
