SM:2026-05-08T11:50:02.1166913Z
LM:2026-05-08T12:08:12.1493267Z
CT:image/jpeg
MA:2592000
CL:900946
