SM:2026-05-08T11:50:02.1166913Z
LM:2026-05-08T12:03:39.6168352Z
CT:image/jpeg
MA:2592000
CL:56859
