SM:2026-05-08T11:50:02.1326481Z
LM:2026-05-08T12:03:39.5194343Z
CT:image/jpeg
MA:2592000
CL:19609
