SM:2026-05-09T08:58:47.9245676Z
LM:2026-05-09T08:58:47.9549239Z
CT:image/png
MA:2592000
CL:4041
