SM:2026-05-08T11:50:02.1326481Z
LM:2026-05-08T11:50:06.3317991Z
CT:image/jpeg
MA:2592000
CL:412650
