SM:2026-05-08T11:50:02.1496042Z
LM:2026-05-08T12:03:39.5922256Z
CT:image/jpeg
MA:2592000
CL:40636
